error_list = [39, 41, 254, 260, 269, 738, 936, 953, 976, 1228, 1284, 1367, 1372, 1509, 1584, 1585, 1744, 2006, 2106,
              2236, 2337, 2370, 2730, 2973, 3335, 3637, 3638, 3779, 4055, 4172, 4564, 4690, 4776, 4800, 4856, 4884,
              5081, 5287, 5466, 5479, 5588, 5603, 5659, 5679, 5726, 5763, 5837, 5848, 5888, 5922, 6043, 6181, 6216,
              6313, 6625, 6758, 6777, 6814, 6953, 7026, 7043, 7379, 7456, 7484, 7600, 7682, 7702, 7826, 7900, 8008,
              8392, 8479, 8523, 8579, 8725, 9007, 9101, 9159, 9241, 9252, 9343, 9386, 9551, 10199, 10406, 10623, 10889,
              11508, 11514, 11629, 11663, 11685, 11953, 12161, 12353, 12439, 12457, 12658, 12689, 12780, 12879, 12929,
              12992, 13062, 13081, 13610, 14313, 14369, 14375, 14399, 14428, 14670, 14952, 15069, 15220, 15508, 15557,
              15593, 15899, 16025, 16159, 16326, 16520, 16648, 16976, 17216, 17225, 17313, 17614, 17763, 17892, 17970,
              18261, 18673, 18857, 18911, 18948, 19014, 19107, 19114, 19277, 19297, 19403, 19503, 19509, 20057, 20076,
              20246, 20375, 20534, 20543, 21099, 21240, 21433, 21846, 21941, 22344, 22345, 22623, 22631, 22821, 22837,
              22967, 23139, 23312, 23576, 23655, 23666, 23804, 23819, 23826, 23906, 23986, 24034, 24132, 24311, 24567,
              24623, 26096, 26173, 26198, 26220, 26261, 26273, 26360, 26362, 26668, 26741, 26793, 27088, 27127, 27141,
              27159, 27320, 27649, 27729, 27758, 27827, 28038, 28203, 28310, 28359, 28599, 28687, 29199, 29213, 29262,
              29490, 29526, 29599, 29639, 29982, 29997, 30030, 30031, 30230, 30316, 30377, 30444, 30448, 30654, 30745,
              30833, 30899, 31008, 31082, 31378, 31466, 31467, 31566, 31728, 32229, 32332, 32362, 32413, 32546, 32600,
              32639, 32779, 32922, 32934, 33454, 33490, 33749, 33781, 33808, 33816, 34037, 34159, 34178, 34391, 34846,
              34949, 35314, 35567, 35702, 36055, 36057, 36071, 36172, 36204, 36318, 36319, 36617, 36733, 36815, 36818,
              36839, 36930, 37246, 37459, 37514, 37746, 37756, 37899, 37920, 38028, 38103, 38319, 38391, 38408, 38424,
              38517, 38666, 38801, 38827, 38903, 38919, 38987, 39009, 39311, 39387, 39488, 39665, 39896, 39918, 40165,
              40427, 40494, 40708, 40810, 40811, 40988, 41235, 41509, 41521, 41857, 41883, 41915, 41961, 41963, 42158,
              42231, 42315, 42452, 42548, 42681, 42784, 42790, 42905, 42979, 42986, 42991, 43363, 44027, 44109, 44157,
              44286, 44319, 44320, 44328, 44351, 44352, 44366, 44445, 44680, 44714, 45128, 45192, 45203, 45364, 45481,
              45483, 45509, 45584, 45966, 46217, 46383, 46573, 46915, 47025, 47230, 47260, 47551, 47677, 47771, 47883,
              47914, 48120, 48152, 48298, 48348, 48694, 48832, 48925, 49041, 49218, 49276, 49363, 49444, 49507, 49630,
              49691, 50213, 50275, 50375, 50378, 50478, 50597, 50703, 50779, 51152, 51268, 51346, 51405, 51728, 51835,
              52182, 52253, 52305, 52424, 52606, 52705, 52848, 52899, 53084, 53130, 53429, 54081, 54492, 54525, 54684,
              54745, 54843, 54844, 54883, 54884, 55129, 55228, 55233, 55238, 55604, 55716, 55745, 55805, 55857, 56197,
              56362, 56377, 56402, 56505, 56864, 57012, 57086, 57631, 57776, 57806, 57812, 57845, 58476, 58601, 58709,
              58909, 58914, 59070, 59090, 59169, 59287, 59382, 59574, 59654, 59843, 59858, 60379, 60579, 60589, 60740,
              60847, 60910, 61075, 61135, 61283, 61396, 61459]      # List of all the incompatible molecules
